-2.0469211041927338
0.4653311148285866
2.5156086683273315
-12.209352254867554
-2.906999886035919
-5.271360278129578
5.644674301147461
5.3701865673065186
-2.032082974910736
0.4704717919230461
2.4869485199451447
-12.214174270629883
-2.900756001472473
-5.260065793991089
5.66734254360199
5.371660590171814
-2.0165646076202393
0.4756496101617813
2.458603084087372
-12.21818208694458
-2.8942474722862244
-5.248997807502747
5.690673589706421
5.373315811157227
-2.0013049244880676
0.4813528060913086
2.4295587837696075
-12.223522663116455
-2.887285351753235
-5.238387584686279
5.714157819747925
5.375185608863831
-1.9855545461177826
0.4870329052209854
2.4005991220474243
-12.227998971939087
-2.880072593688965
-5.228279232978821
5.738431215286255
5.377081632614136
-1.9702520966529846
0.49317851662635803
2.3707090318202972
-12.233754396438599
-2.872422933578491
-5.218902826309204
5.762978196144104
5.37903368473053
-1.9542339444160461
0.49934878945350647
2.3410922288894653
-12.23867654800415
-2.864563465118408
-5.209797024726868
5.788212418556213
5.381118059158325
-1.9379512965679169
0.5060048401355743
2.311132848262787
-12.244490385055542
-2.8562888503074646
-5.200904607772827
5.813788175582886
5.383334755897522
-1.9219285249710083
0.5127926915884018
2.2804005444049835
-12.250423431396484
-2.847708761692047
-5.193043351173401
5.840076208114624
5.385346412658691
-1.9057217240333557
0.5197454616427422
2.2495248913764954
-12.256423234939575
-2.8390178084373474
-5.185554027557373
5.866500735282898
5.387776494026184
-1.8893620371818542
0.5269930884242058
2.2180502116680145
-12.262746095657349
-2.8299131989479065
-5.17877459526062
5.8937788009643555
5.389869809150696
-1.8725936114788055
0.5344461649656296
2.1866202354431152
-12.269165515899658
-2.820734977722168
-5.172130465507507
5.9210920333862305
5.39249062538147
-1.8558640778064728
0.5421354621648788
2.154362052679062
-12.27584719657898
-2.8111684322357178
-5.16646683216095
5.94937264919281
5.394611954689026
-1.838918775320053
0.5499714240431786
2.12192103266716
-12.282565832138062
-2.8015536069869995
-5.161204934120178
5.977804064750671
5.397102236747742
-1.8215787410736084
0.5581313371658325
2.089046984910965
-12.289620637893677
-2.7915963530540466
-5.156434178352356
6.006986498832703
5.399332642555237
-1.8040260672569275
0.5664940923452377
2.0557458698749542
-12.296825647354126
-2.7814653515815735
-5.152246356010437
6.03667676448822
5.4015302658081055
