-2.016710340976715
0.5384480208158493
2.5412341952323914
-12.261766195297241
-2.849898934364319
-5.359561443328857
5.690933465957642
5.525540113449097
-2.001691609621048
0.5436218157410622
2.5126317143440247
-12.266790866851807
-2.8434842824935913
-5.348447561264038
5.7141125202178955
5.526866316795349
-1.9859960675239563
0.5488338321447372
2.484334260225296
-12.271008491516113
-2.8368088603019714
-5.3375667333602905
5.7379525899887085
5.528372526168823
-1.9705656170845032
0.5545623227953911
2.455344498157501
-12.276569604873657
-2.8296825289726257
-5.327150225639343
5.761935710906982
5.530083179473877
-1.9546478986740112
0.5602691322565079
2.42642879486084
-12.281273603439331
-2.8223100304603577
-5.317239761352539
5.786704421043396
5.531820058822632
-1.9391848146915436
0.566432923078537
2.396588772535324
-12.287269830703735
-2.8145036101341248
-5.3080689907073975
5.8117371797561646
5.533602833747864
-1.9230100512504578
0.5726231262087822
2.3670105636119843
-12.292436361312866
-2.8064915537834167
-5.29917299747467
5.837454199790955
5.535519123077393
-1.9065771996974945
0.5792936310172081
2.337091416120529
-12.298505306243896
-2.7980679273605347
-5.290496349334717
5.8635032176971436
5.537559986114502
-1.8904097378253937
0.5860929936170578
2.3063957691192627
-12.304704189300537
-2.789342701435089
-5.282856225967407
5.890257954597473
5.539392828941345
-1.8740643560886383
0.5930546298623085
2.275553196668625
-12.3109769821167
-2.7805107831954956
-5.275592803955078
5.917142033576965
5.541639924049377
-1.8575720489025116
0.6003087386488914
2.244107723236084
-12.317582368850708
-2.7712690830230713
-5.269044637680054
5.944872498512268
5.543546676635742
-1.8406769633293152
0.6077661365270615
2.2127027809619904
-12.324293851852417
-2.7619576454162598
-5.262637138366699
5.9726303815841675
5.545977354049683
-1.823827177286148
0.6154577434062958
2.1804651618003845
-12.331275939941406
-2.7522629499435425
-5.257214307785034
6.001348495483398
5.547906160354614
-1.8067680299282074
0.6232943758368492
2.148039937019348
-12.33830213546753
-2.7425235509872437
-5.252197980880737
6.03020966053009
5.550200939178467
-1.789320558309555
0.6314534693956375
2.1151767671108246
-12.34567403793335
-2.7324464917182922
-5.247677564620972
6.059814095497131
5.552234053611755
-1.7716671526432037
0.6398141384124756
2.0818813145160675
-12.353205680847168
-2.7222001552581787
-5.243743658065796
6.089919209480286
5.5542320013046265
-2.0469211041927338
0.4653311148285866
2.5156086683273315
-12.209352254867554
-2.906999886035919
-5.271360278129578
5.644674301147461
5.3701865673065186
-2.032082974910736
0.4704717919230461
2.4869485199451447
-12.214174270629883
-2.900756001472473
-5.260065793991089
5.66734254360199
5.371660590171814
-2.0165646076202393
0.4756496101617813
2.458603084087372
-12.21818208694458
-2.8942474722862244
-5.248997807502747
5.690673589706421
5.373315811157227
-2.0013049244880676
0.4813528060913086
2.4295587837696075
-12.223522663116455
-2.887285351753235
-5.238387584686279
5.714157819747925
5.375185608863831
-1.9855545461177826
0.4870329052209854
2.4005991220474243
-12.227998971939087
-2.880072593688965
-5.228279232978821
5.738431215286255
5.377081632614136
-1.9702520966529846
0.49317851662635803
2.3707090318202972
-12.233754396438599
-2.872422933578491
-5.218902826309204
5.762978196144104
5.37903368473053
-1.9542339444160461
0.49934878945350647
2.3410922288894653
-12.23867654800415
-2.864563465118408
-5.209797024726868
5.788212418556213
5.381118059158325
-1.9379512965679169
0.5060048401355743
2.311132848262787
-12.244490385055542
-2.8562888503074646
-5.200904607772827
5.813788175582886
5.383334755897522
-1.9219285249710083
0.5127926915884018
2.2804005444049835
-12.250423431396484
-2.847708761692047
-5.193043351173401
5.840076208114624
5.385346412658691
-1.9057217240333557
0.5197454616427422
2.2495248913764954
-12.256423234939575
-2.8390178084373474
-5.185554027557373
5.866500735282898
5.387776494026184
-1.8893620371818542
0.5269930884242058
2.2180502116680145
-12.262746095657349
-2.8299131989479065
-5.17877459526062
5.8937788009643555
5.389869809150696
-1.8725936114788055
0.5344461649656296
2.1866202354431152
-12.269165515899658
-2.820734977722168
-5.172130465507507
5.9210920333862305
5.39249062538147
-1.8558640778064728
0.5421354621648788
2.154362052679062
-12.27584719657898
-2.8111684322357178
-5.16646683216095
5.94937264919281
5.394611954689026
-1.838918775320053
0.5499714240431786
2.12192103266716
-12.282565832138062
-2.8015536069869995
-5.161204934120178
5.977804064750671
5.397102236747742
-1.8215787410736084
0.5581313371658325
2.089046984910965
-12.289620637893677
-2.7915963530540466
-5.156434178352356
6.006986498832703
5.399332642555237
-1.8040260672569275
0.5664940923452377
2.0557458698749542
-12.296825647354126
-2.7814653515815735
-5.152246356010437
6.03667676448822
5.4015302658081055
-2.0770537853240967
0.3915385901927948
2.4902527034282684
-12.156548500061035
-2.962847054004669
-5.182076096534729
5.596795678138733
5.214772820472717
-2.0624077320098877
0.396636463701725
2.461540400981903
-12.16117262840271
-2.956775724887848
-5.170602202415466
5.61894416809082
5.216392278671265
-2.047078162431717
0.40177062153816223
2.433152496814728
-12.164977788925171
-2.9504358768463135
-5.15934944152832
5.641758441925049
5.218192934989929
-2.0320016145706177
0.4074392095208168
2.404059022665024
-12.170102596282959
-2.9436397552490234
-5.148547291755676
5.664734840393066
5.220218896865845
-2.0164307951927185
0.4130834713578224
2.3750606179237366
-12.174358367919922
-2.9365888237953186
-5.1382410526275635
5.688503384590149
5.222271680831909
-2.001301348209381
0.4192019999027252
2.345125675201416
-12.17988133430481
-2.9290983080863953
-5.128661394119263
5.7125550508499146
5.224389433860779
-1.9854526221752167
0.4253435507416725
2.31547474861145
-12.184563875198364
-2.9213932156562805
-5.119346380233765
5.737297534942627
5.226640105247498
-1.969333291053772
0.43197665363550186
2.2854802012443542
-12.1901273727417
-2.9132696986198425
-5.110238790512085
5.762389898300171
5.229029655456543
-1.9534684717655182
0.4387446492910385
2.254715710878372
-12.195802927017212
-2.9048365354537964
-5.1021575927734375
5.788200497627258
5.231218934059143
-1.9374139606952667
0.4456803947687149
2.22381129860878
-12.201534509658813
-2.8962886333465576
-5.094441771507263
5.814155340194702
5.233830809593201
-1.9212007522583008
0.45291367918252945
2.1923115849494934
-12.207581996917725
-2.8873229026794434
-5.0874316692352295
5.840970873832703
5.236109495162964
-1.90457284450531
0.4603547975420952
2.160860598087311
-12.213716506958008
-2.8782790899276733
-5.080551505088806
5.867828130722046
5.238918662071228
-1.8879778683185577
0.4680342972278595
2.1285855770111084
-12.220104932785034
-2.868843376636505
-5.074646472930908
5.8956605195999146
5.241231918334961
-1.871160864830017
0.4758624732494354
2.0961323380470276
-12.226520776748657
-2.859354317188263
-5.069139003753662
5.923651456832886
5.243917107582092
-1.853942722082138
0.4840162768959999
2.0632509887218475
-12.233264446258545
-2.849518656730652
-5.064117908477783
5.9524005651474
5.246345400810242
-1.8365056812763214
0.49237437546253204
2.0299476385116577
-12.240149974822998
-2.8395047783851624
-5.059675574302673
5.981664657592773
5.248743295669556
-2.107115536928177
0.3170910105109215
2.4651631712913513
-12.10336446762085
-3.0174148082733154
-5.0917404890060425
5.547316670417786
5.059360861778259
-2.092672884464264
0.3221365436911583
2.436404526233673
-12.107796669006348
-3.011518120765686
-5.080089569091797
5.568937063217163
5.061121582984924
-2.0775440335273743
0.32721757888793945
2.407979965209961
-12.111406326293945
-3.0053487420082092
-5.06865382194519
5.59122622013092
5.063064694404602
-2.0626622438430786
0.33284228295087814
2.378842979669571
-12.116321325302124
-2.998720705509186
-5.057661533355713
5.613685846328735
5.06524384021759
-2.0472830533981323
0.3384416922926903
2.3498110473155975
-12.120362520217896
-2.9918333888053894
-5.047159790992737
5.636940598487854
5.06744921207428
-2.0323392748832703
0.34452423453330994
2.3198366165161133
-12.125657796859741
-2.9845038056373596
-5.0373774766922
5.66048800945282
5.069730877876282
-2.0166726410388947
0.3506283834576607
2.2901567816734314
-12.130109071731567
-2.9769551753997803
-5.027855038642883
5.684729218482971
5.072145462036133
-2.000729590654373
0.357230007648468
2.2601318359375
-12.135430574417114
-2.9689842462539673
-5.01853346824646
5.709328055381775
5.074706077575684
-1.9850358366966248
0.3639698773622513
2.2293397784233093
-12.14085340499878
-2.9607003927230835
-5.010232329368591
5.734652280807495
5.077070593833923
-1.9691470265388489
0.370880551636219
2.198411077260971
-12.146323919296265
-2.952297329902649
-5.002291798591614
5.760126709938049
5.079862475395203
-1.9530940055847168
0.37809159606695175
2.166890650987625
-12.152101993560791
-2.9434722661972046
-4.995051324367523
5.786468982696533
5.082324147224426
-1.9366204738616943
0.3855130821466446
2.1354228258132935
-12.157958745956421
-2.93456494808197
-4.987935423851013
5.812860727310181
5.085321664810181
-1.9201740622520447
0.393175445497036
2.1031349897384644
-12.16405987739563
-2.9252612590789795
-4.981789588928223
5.840234160423279
5.087825655937195
-1.9034996628761292
0.4009886458516121
2.070673406124115
-12.170180082321167
-2.9159000515937805
-4.976036548614502
5.8677732944488525
5.090705752372742
-1.8864183127880096
0.40912941098213196
2.0377881824970245
-12.1766197681427
-2.9061874747276306
-4.9707648158073425
5.896077752113342
5.09333074092865
-1.8691115081310272
0.41747618466615677
2.004486173391342
-12.183194160461426
-2.896292507648468
-4.966066777706146
5.92490553855896
5.095928907394409
-2.1570806205272675
0.19161319360136986
2.4239298701286316
-12.013908624649048
-3.1054526567459106
-4.9389344453811646
5.461344122886658
4.800509214401245
-2.1430015563964844
0.1965503767132759
2.3951078951358795
-12.018035650253296
-3.0998507142066956
-4.926993548870087
5.482068061828613
4.802497029304504
-2.128232717514038
0.20152227953076363
2.366635352373123
-12.02133059501648
-3.0939695239067078
-4.915257692337036
5.5034637451171875
4.8046693205833435
-2.1137015521526337
0.20705349743366241
2.3374387621879578
-12.025911808013916
-3.087625205516815
-4.903953969478607
5.525044798851013
4.80709582567215
-2.0986686646938324
0.21255811676383018
2.308363616466522
-12.029610872268677
-3.0810150504112244
-4.89313006401062
5.547425150871277
4.809550046920776
-2.0840613543987274
0.2185610868036747
2.2783352434635162
-12.034542560577393
-3.0739575624465942
-4.8830148577690125
5.570111870765686
4.812098145484924
-2.068726122379303
0.22458374500274658
2.2486189007759094
-12.038620710372925
-3.0666735768318176
-4.873149394989014
5.5934977531433105
4.814779460430145
-2.0531052350997925
0.23111417889595032
2.2185543179512024
-12.04355239868164
-3.0589616298675537
-4.863474667072296
5.61725378036499
4.817619621753693
-2.0377254486083984
0.237788837403059
2.187727391719818
-12.048571109771729
-3.05092990398407
-4.854810535907745
5.641745924949646
4.820271730422974
-2.0221422612667084
0.24463988840579987
2.1567687392234802
-12.053622007369995
-3.04277241230011
-4.846497178077698
5.666399598121643
4.823358654975891
-2.0063860714435577
0.25179656222462654
2.1252238750457764
-12.058966159820557
-3.034186065196991
-4.838874042034149
5.691931247711182
4.826123416423798
-1.9902005791664124
0.25916846469044685
2.0937375724315643
-12.06437349319458
-3.025510311126709
-4.831366837024689
5.717523694038391
4.829430282115936
-1.9740328192710876
0.2667858451604843
2.061437666416168
-12.070012092590332
-3.0164307355880737
-4.8248207569122314
5.744108557701111
4.832250773906708
-1.9576278328895569
0.27455825358629227
2.028971016407013
-12.075655460357666
-3.0072861909866333
-4.818658828735352
5.770871639251709
4.835452735424042
-1.9408060610294342
0.28266195207834244
1.9960881769657135
-12.08160400390625
-2.997782826423645
-4.8129695653915405
5.798411965370178
4.8384058475494385
-1.9237491488456726
0.2909751236438751
1.962796300649643
-12.08767294883728
-2.9880890250205994
-4.807846248149872
5.826486945152283
4.841336607933044
