-2.016710340976715
0.5384480208158493
2.5412341952323914
-12.261766195297241
-2.849898934364319
-5.359561443328857
5.690933465957642
5.525540113449097
-2.001691609621048
0.5436218157410622
2.5126317143440247
-12.266790866851807
-2.8434842824935913
-5.348447561264038
5.7141125202178955
5.526866316795349
-1.9859960675239563
0.5488338321447372
2.484334260225296
-12.271008491516113
-2.8368088603019714
-5.3375667333602905
5.7379525899887085
5.528372526168823
-1.9705656170845032
0.5545623227953911
2.455344498157501
-12.276569604873657
-2.8296825289726257
-5.327150225639343
5.761935710906982
5.530083179473877
-1.9546478986740112
0.5602691322565079
2.42642879486084
-12.281273603439331
-2.8223100304603577
-5.317239761352539
5.786704421043396
5.531820058822632
-1.9391848146915436
0.566432923078537
2.396588772535324
-12.287269830703735
-2.8145036101341248
-5.3080689907073975
5.8117371797561646
5.533602833747864
-1.9230100512504578
0.5726231262087822
2.3670105636119843
-12.292436361312866
-2.8064915537834167
-5.29917299747467
5.837454199790955
5.535519123077393
-1.9065771996974945
0.5792936310172081
2.337091416120529
-12.298505306243896
-2.7980679273605347
-5.290496349334717
5.8635032176971436
5.537559986114502
-1.8904097378253937
0.5860929936170578
2.3063957691192627
-12.304704189300537
-2.789342701435089
-5.282856225967407
5.890257954597473
5.539392828941345
-1.8740643560886383
0.5930546298623085
2.275553196668625
-12.3109769821167
-2.7805107831954956
-5.275592803955078
5.917142033576965
5.541639924049377
-1.8575720489025116
0.6003087386488914
2.244107723236084
-12.317582368850708
-2.7712690830230713
-5.269044637680054
5.944872498512268
5.543546676635742
-1.8406769633293152
0.6077661365270615
2.2127027809619904
-12.324293851852417
-2.7619576454162598
-5.262637138366699
5.9726303815841675
5.545977354049683
-1.823827177286148
0.6154577434062958
2.1804651618003845
-12.331275939941406
-2.7522629499435425
-5.257214307785034
6.001348495483398
5.547906160354614
-1.8067680299282074
0.6232943758368492
2.148039937019348
-12.33830213546753
-2.7425235509872437
-5.252197980880737
6.03020966053009
5.550200939178467
-1.789320558309555
0.6314534693956375
2.1151767671108246
-12.34567403793335
-2.7324464917182922
-5.247677564620972
6.059814095497131
5.552234053611755
-1.7716671526432037
0.6398141384124756
2.0818813145160675
-12.353205680847168
-2.7222001552581787
-5.243743658065796
6.089919209480286
5.5542320013046265
