-0.2714271545410156
-0.1302165985107422
0.2004108428955078
-1.0956192016601562
-0.38171958923339844
-0.3081550598144531
0.4231395721435547
0.19960403442382812
-0.2706146240234375
-0.13000869750976562
0.19759559631347656
-1.0958118438720703
-0.38150978088378906
-0.30670928955078125
0.42411231994628906
0.19997024536132812
-0.26973533630371094
-0.1297931671142578
0.19482803344726562
-1.095916748046875
-0.38126564025878906
-0.3052711486816406
0.42514991760253906
0.20035934448242188
-0.2688732147216797
-0.1295032501220703
0.1919727325439453
-1.0961284637451172
-0.3809700012207031
-0.3038597106933594
0.42621612548828125
0.20079803466796875
-0.2679615020751953
-0.12921524047851562
0.1891460418701172
-1.0962448120117188
-0.3806438446044922
-0.30248260498046875
0.42736244201660156
0.20124435424804688
-0.2670860290527344
-0.1288585662841797
0.18620681762695312
-1.0964622497558594
-0.3802661895751953
-0.3011608123779297
0.42854881286621094
0.2017230987548828
-0.26613807678222656
-0.12849807739257812
0.18331527709960938
-1.0965900421142578
-0.37985992431640625
-0.2998523712158203
0.4298057556152344
0.20221900939941406
-0.2651557922363281
-0.12807273864746094
0.18038177490234375
-1.0967826843261719
-0.37940406799316406
-0.29854583740234375
0.4311103820800781
0.20274925231933594
-0.2641944885253906
-0.1276226043701172
0.17737388610839844
-1.0969696044921875
-0.3789100646972656
-0.29732704162597656
0.4324932098388672
0.20327377319335938
-0.26320648193359375
-0.12714576721191406
0.17435455322265625
-1.097146987915039
-0.37839698791503906
-0.2961311340332031
0.4339008331298828
0.20385360717773438
-0.2621955871582031
-0.12662887573242188
0.1712799072265625
-1.0973377227783203
-0.3778343200683594
-0.29499053955078125
0.43540191650390625
0.20441436767578125
-0.2611370086669922
-0.1260833740234375
0.168212890625
-1.0975208282470703
-0.3772544860839844
-0.29384803771972656
0.4369182586669922
0.20504188537597656
-0.26007652282714844
-0.1255016326904297
0.165069580078125
-1.0977115631103516
-0.37662506103515625
-0.2927875518798828
0.4385414123535156
0.20563316345214844
-0.2589836120605469
-0.12489891052246094
0.1619129180908203
-1.0978870391845703
-0.37598228454589844
-0.29175376892089844
0.44019126892089844
0.20627212524414062
-0.257843017578125
-0.1242523193359375
0.1587200164794922
-1.0980796813964844
-0.37529563903808594
-0.2907562255859375
0.4419269561767578
0.20689773559570312
-0.25667381286621094
-0.12357902526855469
0.15549087524414062
-1.0982685089111328
-0.37458038330078125
-0.28980064392089844
0.4437255859375
0.2075328826904297
