-0.2714271545410156
-0.1302165985107422
0.2004108428955078
-1.0956192016601562
-0.38171958923339844
-0.3081550598144531
0.4231395721435547
0.19960403442382812
-0.2706146240234375
-0.13000869750976562
0.19759559631347656
-1.0958118438720703
-0.38150978088378906
-0.30670928955078125
0.42411231994628906
0.19997024536132812
-0.26973533630371094
-0.1297931671142578
0.19482803344726562
-1.095916748046875
-0.38126564025878906
-0.3052711486816406
0.42514991760253906
0.20035934448242188
-0.2688732147216797
-0.1295032501220703
0.1919727325439453
-1.0961284637451172
-0.3809700012207031
-0.3038597106933594
0.42621612548828125
0.20079803466796875
-0.2679615020751953
-0.12921524047851562
0.1891460418701172
-1.0962448120117188
-0.3806438446044922
-0.30248260498046875
0.42736244201660156
0.20124435424804688
-0.2670860290527344
-0.1288585662841797
0.18620681762695312
-1.0964622497558594
-0.3802661895751953
-0.3011608123779297
0.42854881286621094
0.2017230987548828
-0.26613807678222656
-0.12849807739257812
0.18331527709960938
-1.0965900421142578
-0.37985992431640625
-0.2998523712158203
0.4298057556152344
0.20221900939941406
-0.2651557922363281
-0.12807273864746094
0.18038177490234375
-1.0967826843261719
-0.37940406799316406
-0.29854583740234375
0.4311103820800781
0.20274925231933594
-0.2641944885253906
-0.1276226043701172
0.17737388610839844
-1.0969696044921875
-0.3789100646972656
-0.29732704162597656
0.4324932098388672
0.20327377319335938
-0.26320648193359375
-0.12714576721191406
0.17435455322265625
-1.097146987915039
-0.37839698791503906
-0.2961311340332031
0.4339008331298828
0.20385360717773438
-0.2621955871582031
-0.12662887573242188
0.1712799072265625
-1.0973377227783203
-0.3778343200683594
-0.29499053955078125
0.43540191650390625
0.20441436767578125
-0.2611370086669922
-0.1260833740234375
0.168212890625
-1.0975208282470703
-0.3772544860839844
-0.29384803771972656
0.4369182586669922
0.20504188537597656
-0.26007652282714844
-0.1255016326904297
0.165069580078125
-1.0977115631103516
-0.37662506103515625
-0.2927875518798828
0.4385414123535156
0.20563316345214844
-0.2589836120605469
-0.12489891052246094
0.1619129180908203
-1.0978870391845703
-0.37598228454589844
-0.29175376892089844
0.44019126892089844
0.20627212524414062
-0.257843017578125
-0.1242523193359375
0.1587200164794922
-1.0980796813964844
-0.37529563903808594
-0.2907562255859375
0.4419269561767578
0.20689773559570312
-0.25667381286621094
-0.12357902526855469
0.15549087524414062
-1.0982685089111328
-0.37458038330078125
-0.28980064392089844
0.4437255859375
0.2075328826904297
-0.2744464874267578
-0.1385059356689453
0.19832420349121094
-1.0897331237792969
-0.3840160369873047
-0.29769134521484375
0.41536712646484375
0.1854705810546875
-0.27367401123046875
-0.1383190155029297
0.19552040100097656
-1.0899219512939453
-0.3838233947753906
-0.2962379455566406
0.4162788391113281
0.18584060668945312
-0.27283477783203125
-0.13812828063964844
0.1927661895751953
-1.0900211334228516
-0.38359832763671875
-0.29479026794433594
0.4172534942626953
0.1862335205078125
-0.27201271057128906
-0.13785934448242188
0.18992233276367188
-1.0902252197265625
-0.38332366943359375
-0.2933692932128906
0.4182586669921875
0.1866779327392578
-0.27114295959472656
-0.13759231567382812
0.1871051788330078
-1.0903358459472656
-0.3830127716064453
-0.2919807434082031
0.419342041015625
0.18712997436523438
-0.2703075408935547
-0.1372547149658203
0.18417739868164062
-1.090545654296875
-0.38265419006347656
-0.2906475067138672
0.4204692840576172
0.18761634826660156
-0.26940155029296875
-0.1369152069091797
0.18129730224609375
-1.0906639099121094
-0.3822669982910156
-0.2893257141113281
0.4216632843017578
0.18811988830566406
-0.2684593200683594
-0.1365070343017578
0.178375244140625
-1.0908489227294922
-0.38182830810546875
-0.2880058288574219
0.42290687561035156
0.1886577606201172
-0.26753807067871094
-0.1360759735107422
0.17537689208984375
-1.0910263061523438
-0.3813514709472656
-0.286773681640625
0.4242286682128906
0.1891918182373047
-0.2665901184082031
-0.1356182098388672
0.17236900329589844
-1.0911941528320312
-0.3808555603027344
-0.28556060791015625
0.42557334899902344
0.18978309631347656
-0.2656211853027344
-0.1351184844970703
0.16930580139160156
-1.0913734436035156
-0.38031005859375
-0.28440284729003906
0.4270153045654297
0.1903553009033203
-0.2646045684814453
-0.13458824157714844
0.16625022888183594
-1.0915451049804688
-0.3797454833984375
-0.28324317932128906
0.4284687042236328
0.1909942626953125
-0.2635841369628906
-0.13402366638183594
0.163116455078125
-1.0917243957519531
-0.3791332244873047
-0.2821674346923828
0.43003082275390625
0.19159889221191406
-0.26253318786621094
-0.13343429565429688
0.1599712371826172
-1.091888427734375
-0.3785057067871094
-0.2811145782470703
0.43161964416503906
0.19225120544433594
-0.2614326477050781
-0.13280296325683594
0.15678787231445312
-1.0920658111572266
-0.3778343200683594
-0.28009605407714844
0.43329620361328125
0.19289207458496094
-0.2603034973144531
-0.1321430206298828
0.15357017517089844
-1.0922431945800781
-0.3771343231201172
-0.27912139892578125
0.43503570556640625
0.19354248046875
-0.27747154235839844
-0.1468067169189453
0.19624710083007812
-1.083831787109375
-0.3861522674560547
-0.287200927734375
0.40749549865722656
0.1714649200439453
-0.27673912048339844
-0.14664459228515625
0.19345474243164062
-1.084014892578125
-0.38597869873046875
-0.2857398986816406
0.40834617614746094
0.17183685302734375
-0.2759418487548828
-0.14647483825683594
0.19071388244628906
-1.0841102600097656
-0.385772705078125
-0.2842826843261719
0.4092597961425781
0.17223548889160156
-0.2751617431640625
-0.14622879028320312
0.1878814697265625
-1.0843086242675781
-0.3855152130126953
-0.2828521728515625
0.4102039337158203
0.1726837158203125
-0.2743339538574219
-0.1459827423095703
0.18507766723632812
-1.0844135284423828
-0.385223388671875
-0.28145408630371094
0.411224365234375
0.1731414794921875
-0.2735404968261719
-0.14566612243652344
0.1821613311767578
-1.084615707397461
-0.3848838806152344
-0.2801094055175781
0.4122905731201172
0.17363357543945312
-0.272674560546875
-0.14534568786621094
0.17929458618164062
-1.0847282409667969
-0.38451194763183594
-0.2787742614746094
0.4134235382080078
0.17414474487304688
-0.2717761993408203
-0.14495849609375
0.17638397216796875
-1.0849037170410156
-0.3840923309326172
-0.27744102478027344
0.41460418701171875
0.17469215393066406
-0.27089500427246094
-0.1445465087890625
0.17339706420898438
-1.085073471069336
-0.3836345672607422
-0.2761955261230469
0.4158649444580078
0.1752338409423828
-0.2699909210205078
-0.1441059112548828
0.17040061950683594
-1.0852317810058594
-0.38315391540527344
-0.2749671936035156
0.4171485900878906
0.17583465576171875
-0.26906394958496094
-0.14362335205078125
0.16734886169433594
-1.0854015350341797
-0.38262367248535156
-0.27379608154296875
0.41852760314941406
0.17641830444335938
-0.26808738708496094
-0.1431102752685547
0.1643047332763672
-1.085561752319336
-0.3820781707763672
-0.27261924743652344
0.4199199676513672
0.17706871032714844
-0.2671089172363281
-0.1425628662109375
0.16118240356445312
-1.0857295989990234
-0.3814811706542969
-0.27152442932128906
0.4214210510253906
0.17768478393554688
-0.2660999298095703
-0.14198875427246094
0.1580486297607422
-1.0858821868896484
-0.38086891174316406
-0.27045440673828125
0.42294883728027344
0.17835235595703125
-0.2650413513183594
-0.1413745880126953
0.154876708984375
-1.0860481262207031
-0.38021278381347656
-0.26941680908203125
0.4245643615722656
0.17900657653808594
-0.26395416259765625
-0.14072799682617188
0.1516704559326172
-1.0862102508544922
-0.3795280456542969
-0.26842308044433594
0.4262428283691406
0.1796722412109375
-0.2805042266845703
-0.15511703491210938
0.19417762756347656
-1.0779170989990234
-0.38812828063964844
-0.2766857147216797
0.39952850341796875
0.1575908660888672
-0.279815673828125
-0.15497779846191406
0.19140052795410156
-1.078094482421875
-0.3879737854003906
-0.27521705627441406
0.4003181457519531
0.15796661376953125
-0.27906036376953125
-0.1548328399658203
0.1886730194091797
-1.07818603515625
-0.3877849578857422
-0.27375221252441406
0.4011707305908203
0.15836715698242188
-0.2783222198486328
-0.15460777282714844
0.1858539581298828
-1.078378677368164
-0.3875465393066406
-0.2723121643066406
0.4020538330078125
0.15881919860839844
-0.27753448486328125
-0.15438461303710938
0.18306350708007812
-1.0784778594970703
-0.38727378845214844
-0.270904541015625
0.4030132293701172
0.15928268432617188
-0.27678489685058594
-0.15408897399902344
0.1801605224609375
-1.07867431640625
-0.3869514465332031
-0.2695484161376953
0.40401649475097656
0.15978050231933594
-0.27596092224121094
-0.15378952026367188
0.1773052215576172
-1.0787792205810547
-0.3865985870361328
-0.2682018280029297
0.4050884246826172
0.16029930114746094
-0.2751045227050781
-0.15342330932617188
0.1744060516357422
-1.078948974609375
-0.3861961364746094
-0.2668571472167969
0.4062061309814453
0.16085243225097656
-0.27426719665527344
-0.1530303955078125
0.1714344024658203
-1.079111099243164
-0.3857555389404297
-0.2655963897705078
0.4074058532714844
0.1614055633544922
-0.2734050750732422
-0.15260887145996094
0.16844940185546875
-1.0792598724365234
-0.38529205322265625
-0.2643566131591797
0.4086265563964844
0.1620159149169922
-0.27252197265625
-0.1521453857421875
0.16540908813476562
-1.0794219970703125
-0.3847789764404297
-0.2631683349609375
0.4099445343017578
0.16260910034179688
-0.2715892791748047
-0.15164947509765625
0.16237640380859375
-1.0795726776123047
-0.3842487335205078
-0.2619762420654297
0.41127586364746094
0.1632709503173828
-0.27065086364746094
-0.15111732482910156
0.15926742553710938
-1.0797290802001953
-0.3836688995361328
-0.2608642578125
0.4127159118652344
0.16389846801757812
-0.2696857452392578
-0.1505603790283203
0.1561450958251953
-1.0798702239990234
-0.3830738067626953
-0.2597770690917969
0.4141826629638672
0.16457748413085938
-0.26866912841796875
-0.1499614715576172
0.1529865264892578
-1.080026626586914
-0.3824310302734375
-0.25872230529785156
0.4157371520996094
0.16524696350097656
-0.2676239013671875
-0.14933013916015625
0.14979171752929688
-1.0801753997802734
-0.3817615509033203
-0.2577075958251953
0.41735267639160156
0.1659259796142578
-0.2855796813964844
-0.16897964477539062
0.19074630737304688
-1.0680255889892578
-0.3910655975341797
-0.25911521911621094
0.38605308532714844
0.13477516174316406
-0.2849617004394531
-0.16888046264648438
0.18799209594726562
-1.0681991577148438
-0.3909416198730469
-0.25763511657714844
0.38673973083496094
0.13515472412109375
-0.28427696228027344
-0.1687755584716797
0.1852893829345703
-1.0682849884033203
-0.39078330993652344
-0.25615882873535156
0.38749122619628906
0.13555908203125
-0.2836112976074219
-0.16859054565429688
0.1824951171875
-1.0684700012207031
-0.3905754089355469
-0.25470542907714844
0.3882713317871094
0.1360187530517578
-0.2828960418701172
-0.16840553283691406
0.17972755432128906
-1.068563461303711
-0.3903331756591797
-0.2532825469970703
0.3891277313232422
0.1364879608154297
-0.28221702575683594
-0.16814613342285156
0.1768474578857422
-1.0687503814697266
-0.3900413513183594
-0.2519092559814453
0.3900279998779297
0.1369953155517578
-0.2814674377441406
-0.16788291931152344
0.17401695251464844
-1.0688457489013672
-0.38971900939941406
-0.2505455017089844
0.39099693298339844
0.13752174377441406
-0.2806835174560547
-0.16755104064941406
0.1711406707763672
-1.0690059661865234
-0.3893451690673828
-0.24918174743652344
0.3920116424560547
0.13808822631835938
-0.2799186706542969
-0.1671924591064453
0.16819000244140625
-1.0691566467285156
-0.3889331817626953
-0.24790000915527344
0.39310646057128906
0.13865280151367188
-0.2791309356689453
-0.16680335998535156
0.16522789001464844
-1.0692920684814453
-0.38849830627441406
-0.24663734436035156
0.39422607421875
0.13927841186523438
-0.2783184051513672
-0.16637039184570312
0.16221046447753906
-1.0694408416748047
-0.3880138397216797
-0.2454242706298828
0.39544105529785156
0.13988685607910156
-0.27746009826660156
-0.16590499877929688
0.15920066833496094
-1.0695762634277344
-0.3875102996826172
-0.24420738220214844
0.3966693878173828
0.1405658721923828
-0.2765960693359375
-0.1654033660888672
0.1561126708984375
-1.0697193145751953
-0.38695716857910156
-0.2430706024169922
0.3980064392089844
0.14121246337890625
-0.27570343017578125
-0.1648731231689453
0.15301132202148438
-1.0698432922363281
-0.38638877868652344
-0.24195289611816406
0.3993701934814453
0.14191436767578125
-0.2747611999511719
-0.16430091857910156
0.1498737335205078
-1.0699806213378906
-0.385772705078125
-0.24086952209472656
0.4008197784423828
0.14260292053222656
-0.2737884521484375
-0.1636962890625
0.14670181274414062
-1.0701122283935547
-0.3851280212402344
-0.2398242950439453
0.40233421325683594
0.14330673217773438
