0.6523153631252367
-0.3702195881503638
-0.6026156522535404
0.6346367095130214
0.5912926140645169
-0.06022879712077622
-0.3670872820259039
0.42818622119612826
-0.9664652895242221
0.22532446474240175
0.9459558438643187
-0.9694407728671735
0.4152892701116808
0.637676026118952
-0.5162895604590785
-0.939198859473291
0.5423469725494523
0.9981209334940515
-0.11216476157292843
-0.5451887480772952
-0.772196961100269
-0.27639017059130944
-0.46798287067805866
-0.8778999211454495
0.6991869026216924
0.7387674533892616
0.2803282189060452
0.07941917675244459
0.10244260835445762
0.9852025146595971
0.19774093497369782
0.6776149964200089
0.3386917726559837
-0.2688658437960201
-0.5862720501675509
-0.889634519471771
-0.35634113542220125
-0.22435611966554925
0.9886743037975925
0.5220803169793493
-0.12553974820547498
0.05442220500276829
0.17873337908434372
-0.17659665445950412
0.9509681349296382
-0.4568321159767186
-0.28583820921572967
-0.05497575762004092
0.035030490272865755
-0.2938287330736886
-0.3886904079950839
0.44311586299473116
0.39190122393074023
0.6305414526610869
0.13546403270566576
-0.24813501483427558
-0.9137152146777798
0.13286469594890415
0.054428280706106946
-0.6501745403250987
0.3653419812372809
0.030782109603253227
0.5876067090366841
0.07200968774087912
-0.21959211396922518
0.8271115258729691
-0.41104830336704135
-0.6059677235684575
-0.2472387531413469
-0.2326981055719921
0.8544779344910052
0.4718194994315652
0.2612646002738874
-0.2698672069195709
-0.33738780611780617
0.9055947749901572
0.9666286098960535
-0.3738250777680576
-0.6396339558463213
-0.2934150887800431
-0.9406895031535334
-0.9500578650888891
0.10678799038028175
-0.6879276136816961
-0.5228675179899809
0.06789936417193942
-0.22368946726288397
0.7120063674839836
-0.5270131742331139
-0.09141424730492886
-0.10872450253090937
0.3088125693746222
0.29247777426336086
0.8558629675852956
0.796652777535775
-0.8908012432104853
0.7434753192339207
-0.7201009564067891
-0.05288538015786548
0.9788127352633851
0.06261620617424524
0.3512263911458444
-0.7248398755430181
0.7043090970520505
0.34825413806322025
-0.6810957191774976
0.7545370448357043
-0.5425991610844705
-0.23500578236081893
0.42867743560217586
-0.5448121008356046
0.5507402058717719
-0.3333302504753315
-0.5348744155522964
-0.37404619036259623
0.12401761991004956
0.5191419619713737
-0.4364044864844565
0.5257244907367598
-0.918233938854693
0.7387427857427722
0.5767682374792225
-0.07605543327107567
-0.4811791563499539
-0.42073489833691946
-0.8474519385504677
0.6793885523251946
-0.2211126321523782
0.36414946533717085
-0.8423385763017639
0.49000434026645445
0.648766638466769
-0.21322953158931157
0.48329329290520895
-0.35075622286278807
-0.7658328649391539
-0.2861269841811318
-0.1706037581506885
-0.7922377328542589
0.7843967435747414
-0.36284365822697295
-0.7054964459577122
0.06936458508800358
-0.48777551180361645
0.843363738695071
-0.7791206814188192
-0.7402731937414657
0.005153167999154995
0.8006338607884165
0.7018666441160906
0.18553182005104807
-0.42557378750538977
-0.7936141562929333
0.7903445740320039
0.6738856989745237
-0.49107055086902496
0.7971822307800591
-0.26922385110561065
0.30684173492351685
-0.10334775994115941
0.2380328253232047
-0.6514534558173142
-0.9026475209187308
-0.3700867184921348
0.577925198791513
-0.9253659471060098
-0.917299581927622
-0.525286188959585
-0.8453925604665233
-0.9894619621507166
-0.9410031085977826
0.4450748962616591
-0.11027425068342045
-0.4471827778652253
-0.8908958949616377
0.9496081707530017
0.3195906183908961
-0.7137831043542875
-0.596759212040231
-0.5561798182486732
0.5716056781091179
0.24881520315456074
-0.3278853603259273
-0.09604117229587472
0.7838054403006185
0.5298779795347728
-0.258898776894843
-0.3804650977271935
0.0011569622697356063
-0.34721905595931135
-0.7488392544210563
0.5191991817995742
-0.44141427293550484
-0.6837576371407257
0.6564058849549919
0.6171952096280369
-0.8346978066386375
0.5049024533269886
0.7496715306921671
0.7680586265204892
-0.8382629044723402
-0.8098505044079469
-0.3051195923475727
-0.42120372591368826
0.23268456449324604
0.6955559887353071
0.5950354272217562
-0.595693898086668
-0.5828032016047178
-0.44500698400188865
0.05794290861015727
-0.829523709741824
0.2023907011881143
0.12553818325171995
0.669985051457151
-0.7149167003660712
-0.8323187567122432
-0.2602030662999708
0.7815105872098502
0.4207277052046128
0.7618252227591207
0.500039721415964
0.43218261516367296
-0.2032620773460927
0.38730086239573547
0.9215824800468313
0.5473186204847831
0.16141682996964168
-0.1465747819112435
-0.04998345942270266
-0.6270424861731463
-0.4803165815478805
0.9256314819196105
-0.16744068731328854
-0.5439589246828282
0.6764631862875905
0.24539911381339508
0.6151051097623783
0.902141858734667
-0.8561854057604532
0.5769712746916313
0.6404922860255546
-0.9333539551200223
-0.3254214534221762
-0.9289408895090752
0.021284687674009817
0.8676769267461983
0.7850883694240571
0.06637277111022244
0.6937812350190491
0.23353583601800554
0.10628098295830668
-0.890279094302256
-0.26301904865477743
0.8359920439875457
0.38376760732361337
0.23796080611022097
-0.5741799258649136
-0.36382251137122323
-0.9202149690287131
-0.8607820199483511
-0.6461155942895558
-0.851351949935705
0.2564100821434614
-0.11985625340523853
0.17332864544973003
-0.7983946844758267
-0.05454093138098193
0.964848337858071
-0.6182136470725306
0.7895775991744662
-0.0834663649765679
0.04108850645953743
0.06064415514469146
0.42873226210393334
-0.1317505249187001
0.9286646643477714
0.7524631996538951
-0.8868992229284391
-0.9611520876653505
0.9788244502413834
-0.027383316047917994
0.290363133209917
-0.6466628206127434
0.14917059162586965
0.9455885761061578
0.029023479751156822
0.304064394334042
-0.35032018838425394
0.5252420396704147
0.9629306556048836
-0.29727394517365724
-0.5175025135329401
-0.4903972682465416
0.8568488203288087
-0.42292982158378467
0.18899356823887525
0.09623071584508391
-0.9702946129885945
-0.4011752041074612
0.8374889059724633
0.9665685429649171
-0.3817972697353311
-0.37744186093474874
-0.15749427904171842
-0.8166049151122359
0.24114167558377075
-0.4795934831975317
-0.5760449701131058
0.18743724859071653
0.2239413952867475
-0.8271898321356781
-0.2916874942222263
0.4781988060324669
0.6475688173720955
-0.118629169335011
0.6493639503312427
-0.511448684954773
0.1281396788652125
0.42373607907746624
-0.5120015697837681
0.3894580887494561
-0.191199895544528
0.5783671913534092
0.9703837435707829
0.027134334597568754
0.3083309339558309
-0.2476117344470703
-0.46862873030736063
0.2721227012049634
-0.48902388565904253
0.6059471588940324
0.09929381060801257
0.044825404186917384
0.9257937918002737
-0.05462148473172257
-0.5853573903964351
-0.5219367521473612
0.9754843266443234
-0.3940655225977556
-0.4218394215493231
-0.8783244443805809
0.8977062474299302
-0.7186239288562006
0.8548212376190691
-0.6682765904994172
0.7232550365213131
-0.22342508375152526
0.2985335335146262
0.4890273644935923
-0.508193407131452
-0.8734384954616508
0.6899070703256558
-0.847783264724032
0.8367692391765227
0.6251564656541291
0.5256432580482084
0.1760644473228714
0.7339033657227882
-0.3087483519324874
0.10842003515619436
0.36661332606855446
-0.38074863917326707
0.6589682700791331
-0.2823946780738573
-0.9414508284719703
0.6677227953259932
-0.9592989542900747
-0.3422299108879081
0.04103166203944353
0.6725852113337234
0.6955517493413532
-0.9871557747093
0.09514744048909418
-0.6131689055387974
0.2525190642272026
0.3793536967174729
-0.4776513362743937
0.34122634254839057
0.8601799014373626
0.6283268611715906
0.3615530436566976
-0.4029152849021391
-0.17649529973611
0.7047491334058831
-0.515952982279378
-0.8844466387053813
0.7356242826225403
0.45373859035782416
0.76266989252794
0.5002707787351337
0.4554388564275127
0.6879870144737064
-0.7052016255661715
-0.6303504404099409
-0.7428175774830561
0.7621598034747994
0.48028773139135783
0.05337800033029838
0.2980310424244894
0.149632634164359
-0.9399455145087778
0.5494036807054385
-0.3066347677048986
-0.8865823713899363
0.5473510557322017
0.18521141253093876
0.7777677349729228
0.013735120018778746
0.32037805417645715
-0.06483011304180808
-0.7507434073469135
-0.5536423596283129
-0.759340136468827
0.7203190884045265
0.3775034864293665
0.7489995321889797
0.1890806749870202
-0.9576417940919724
-0.3672702119152358
-0.17204435847580868
0.40198913877719944
-0.3536278030529869
-0.039104905614388175
0.8578622806660814
0.8121387179251651
-0.09450652939077342
-0.2486916334907816
0.08538755340040671
-0.8006346341957769
0.8589464989065876
-0.5697880841491303
0.09918887061165682
0.22048516470414148
0.7698645037925489
-0.6940295322354206
0.4505848912014663
0.643659803418785
0.044533465805342454
-0.1441260845123773
-0.2912080805295627
0.07662782762614384
-0.7433422926788433
0.8776034477120827
0.48819631136981223
0.55238787733766
-0.2426659995507876
0.5291425510012013
0.20439646273292578
0.10499858165329212
-0.03250951184939388
0.27176231042095633
-0.001591384342239488
-0.3654412551367656
0.9898364195947746
0.8702228540086605
-0.41197876687388235
-0.5009663844904608
-0.43121342815624875
0.9669216390286175
0.9677738355774803
0.47416667519622324
0.09218419406925493
0.13431685589344133
-0.25355791141272266
-0.9060583841456975
0.022536416420732897
-0.40475462405389595
0.5556339476109446
-0.9681736593256347
-0.2527806288051915
0.18255246562144145
-0.7713600088637207
-0.6681261178474711
0.37069319058881267
-0.5556911021645605
-0.08132375952806159
0.14463888884829879
0.19165733019041964
0.43139001731457327
-0.6642889474576938
-0.8869384581229083
-0.22676998507256707
0.36307121986145363
0.335802436724123
0.8163181848207062
-0.2864355900745512
-0.23417271448223587
0.32459682470152074
0.8486197920870178
-0.7766138206173903
0.9506317506932171
-0.4314151717949377
-0.9905500801882388
-0.02387732468009407
0.8164651565089234
-0.22763990036019854
0.7084846457769847
-0.3780087307225548
-0.8845689715401654
-0.3420085322667423
0.44403925458316706
-0.08515691369972345
0.9049833092186257
-0.1524122268988839
0.06815343464783807
0.3506054847169635
-0.6719803975011132
-0.3840602874140757
-0.7734282953179574
-0.4725899339866291
0.6798077315579272
-0.681755776004177
-0.9169563190547285
-0.08522580619762143
-0.9818531157248775
-0.4268854667291033
-0.32747375795336886
0.3704676119532988
-0.0443357122200958
0.42262074920507686
0.24968096060640943
0.41185187608367935
0.10715891800069222
-0.017072722468203017
0.8096857875920971
-0.920886974708824
0.4064239871192059
0.9126711622867987
-0.7153959017688485
0.9550605690123923
0.08214874878125111
-0.8269674525824193
0.5547201606345877
-0.7099624838220198
-0.8941226726957021
0.2644766990156564
-0.47551002917629237
0.9042080642283927
0.7806779466089411
-0.5422025634354135
-0.3022714431547364
-0.10410094640936829
-0.3309210767752693
0.7626666122971402
-0.36008276664245376
-0.3028924453033752
-0.7205578810683313
-0.8254765363378531
-0.2693156200165079
-0.6908122663576106
0.1114213321657267
0.9684084065742464
-0.18375952550920593
-0.6782678678807457
0.2385161356534129
-0.24123579769505188
0.41415505926038243
0.4044817471197011
0.3551577406129569
-0.08844763383517407
-0.20825661045007116
0.2687048668246397
-0.9741648572078325
-0.09356454761020871
-0.37221813551203553
-0.009921213268099471
0.7660251665264051
0.2512778470359216
0.3514509782291442
-0.3061593079169387
-0.766785735467346
-0.8967061244172541
-0.9386022992568037
0.8580720424743333
0.30284762251926045
-0.6505996385749198
0.0017121803585036233
0.43844660177192396
-0.797939733831001
0.22883785699583759
-0.024366984748636966
0.94797018974269
0.6950277107400655
0.595945301948912
-0.9835079391273025
0.7498204072589527
-0.10833574998420481
-0.3672187591740228
-0.6057952369977995
0.4721975849221922
-0.20054072547221602
0.8544680843285555
0.2731093173291794
-0.36356990975218806
0.1398586995752591
0.3130066831265286
-0.1422987145510508
-0.5503840851597317
-0.021240732891282477
0.6373713897406494
-0.8482600261389837
0.5153600709512989
-0.9937725153452805
-0.9702561113420995
-0.976712108127127
-0.4170939449452937
0.5088328085974421
0.794884152410857
-0.8133495923427823
-0.3027153685861539
0.6155332995438514
-0.7920169727785307
0.1119117336697808
0.575127769336417
-0.5435516987631899
-0.25930634290448196
-0.20126861185661338
-0.8614843898740083
-0.30134842631444436
-0.3507618446672831
0.714931130129177
0.6195513413200391
0.0865974480249585
-0.24375865832581844
0.9566802990982508
0.07102452193781073
-0.49869282297207507
0.41112401969737
-0.0016937769735079211
0.4918440380554068
-0.25486712063710604
0.4743732030942145
-0.7990906990099003
-0.4695555014259387
0.1144870373190876
-0.4178613746370523
0.5414590350465252
-0.3536790633743536
0.4600809290147334
0.37490426570179336
0.058396403257488405
-0.20578126933170027
-0.9469789343429511
0.8096326799290616
0.07001841307506074
-0.4343722794946434
-0.8919139824399358
0.9145972330193157
0.018982885823751072
-0.6340914408430482
-0.7133367769120906
0.2932555755188653
-0.023594681715537247
0.9250623112007412
0.3822626929736874
-0.9544984911808037
-0.17278252924421889
0.23657465094230545
0.5089481699529839
-0.2139156719907651
0.08716798981425833
-0.7457155806247326
0.523630577671462
-0.22920874962595517
-0.6230985050301054
-0.45110792052064186
-0.46722503391176695
-0.9321998832979062
0.3496535838160735
0.22054784673673722
0.4958966510047045
0.45242410203934824
-0.4572440823424384
-0.38793919414225275
-0.5641968151104415
-0.6329176972673416
0.8162295790958305
-0.3704529825238292
0.5387027644785665
-0.22954956769693324
-0.16334660086665176
-0.2407367347965541
0.23107179352840612
-0.40000323891318423
-0.7140648901780635
-0.9583335429924498
0.3671735359641124
0.6087729791483065
0.9854762959363725
0.39574129231080857
-0.23337807479446115
-0.9762729341482999
-0.8526713759856726
0.7770954212115122
0.5443362552290101
-0.2566905694415156
-0.0312213295901822
-0.14944750820650365
0.23311546071462153
0.2029246603348145
-0.15030164672700752
0.3870141796948052
0.5766163032561895
-0.006328828609621251
-0.42846329219663515
-0.012868447467919264
-0.6451520583880759
-0.496964364720768
-0.5835587628230592
-0.38289170610388323
-0.7625420000390166
-0.2624888848251359
0.9906885368042058
-0.256577499335511
-0.6951829689446369
-0.3795215235812086
-0.22303504165940735
0.6874322395349068
0.42964261684467586
0.540366028937074
-0.08627120594154936
-0.46636358265007316
-0.4455770911401906
-0.7234166327027418
-0.42262469906978395
-0.5958539458937941
0.02158408063663053
0.8253446910499271
0.26297872199445615
-0.7060301036635079
0.2150080097845919
0.9649113001599006
-0.7943444270592561
-0.9784244943217035
0.15933130862846534
0.3830413710714493
0.21163492082262492
-0.8553091330328151
0.00029085884157309394
-0.5840952646585431
-0.025233946939899443
0.570482940059053
-0.867039397849968
-0.19726778396584455
-0.75242150170117
0.14279605039406573
-0.16691504479284536
-0.6641530177529145
0.7201542781501877
-0.0685836719845423
-0.8520098764242481
-0.6259937482078195
-0.6644977930034375
0.3261119746504415
-0.08455246260755134
0.8993035663638944
0.7028847236390576
-0.4418670935732958
0.3949512517163185
-0.7694616060499795
-0.82263029737013
-0.7449883810649622
0.6414448912755053
-0.7633372711823061
-0.19267799993506385
-0.6148428355545745
0.07955698661821287
-0.35770414419313057
-0.6561143342156228
-0.07198030122927346
0.15444348300314292
0.5972995587888335
0.7571717681648211
-0.6292758397629976
0.052728568516683394
-0.983242442521369
-0.7123919887303682
0.42374057380342167
0.3712782116307174
0.06827537959221797
0.37464485388198066
-0.22851046170822986
-0.7385602627469259
0.7763170827938022
-0.4281238376716636
0.24955511743880288
-0.2539544709904822
-0.9984911081448049
-0.7833741254650455
0.2946513545504883
-0.3790023706168659
0.8740693394063668
-0.3395710257159872
-0.7886811108849714
-0.9377406776123003
0.2479066904770466
-0.9236117797784706
0.624427403303164
-0.4682574908374262
0.376210645869145
0.3992618972144426
-0.597869615365725
0.4704310181560596
0.6620425480494245
-0.46155312992985587
0.4096714847790901
-0.8106457424965516
0.8913190446504566
-0.6237801094294129
0.7560374283136275
-0.3961868609174184
0.292568200365221
0.9797621997713626
0.7060309653465726
0.872314010785088
-0.10728550491219946
-0.46776318366661473
-0.2415261681594123
-0.8098547252169421
-0.9592135550391274
-0.17763455619104818
-0.36562591647185805
0.4142298090811618
-0.0942151606917554
0.13261742700210366
0.21612413097889882
0.9353187321334784
0.7302453859127824
-0.8862636994095754
0.9294260213319543
-0.1896724043101219
0.9769887388791785
-0.363979865493407
-0.798850498453505
0.37594387396454465
-0.07127007796249885
0.4395894729564551
0.9034094995841788
-0.9095423520503851
-0.7699125704188987
-0.6795389321258607
-0.48813144348606863
-0.5247410572063889
-0.06240821922182893
-0.17410806579940696
0.006261807081824555
-0.7331703268201537
-0.07106211169051035
-0.9506788101031598
0.7026892964542872
0.5862473059034696
-0.31649038811875774
0.09788632695843069
-0.943117994705621
-0.226240092681677
-0.05665627022147057
0.24247139938881213
0.04062429229310616
0.8070997229146828
-0.3142695059920486
0.4463779957871321
-0.7625342616214623
-0.456311970095163
-0.8938898650707456
0.06867647362152884
0.013613758520953256
0.7942617715445912
0.8905563616075551
0.021166517829297904
0.04749826265656831
-0.13594507092713837
-0.034499739125910756
-0.7052351326234938
-0.2601265872141112
0.15324619701093267
0.5577406005184091
-0.6588854332835679
-0.377411789183969
-0.1800305520929364
-0.5351307281460613
0.8955150908647553
0.9348675511433551
-0.7655074583140538
0.026427891377604817
0.201514626057679
-0.8281824301589344
-0.6390520778895499
-0.9699237110549153
0.3008356841059199
-0.8596169053939364
0.7505701956384341
0.19588971102430808
0.1203928077664751
0.021748793305891523
-0.7860587151260519
0.9038911093572839
-0.3970723186327487
0.5957148694070746
-0.2815099356763784
-0.5936213801072883
0.2398282742157294
-0.12396868741627132
-0.04155356946615352
-0.975763119469323
-0.41211685233722606
-0.8484995524225285
0.6646309859740649
0.6802677404333315
-0.4320717601364543
-0.3673927513639159
-0.08051816619324237
0.9511835325587785
-0.7020151747286183
-0.22123655513326024
-0.3677316262976238
0.23766871704775538
0.24746329545012746
0.825793495407279
0.9665658957609491
0.856463796132207
-0.2062863917484783
0.8151205756287712
0.04630597600098163
-0.012075911165272846
0.5587722582639476
0.6467679589347999
0.12121371591614816
0.12439890821926136
0.5720163962188123
-0.18219750864820639
0.16775138570875936
0.9750300226282769
-0.36677282230876274
0.41278674519329495
0.47543057879113615
0.7294997904525522
-0.5943197195136578
-0.06421701325610485
-0.975857702761354
-0.2728837252029064
-0.7053655725177328
0.6907019725221546
-0.24212664281251306
0.6329499754772321
0.5185982650800449
0.03808264357842206
-0.6242065910145627
-0.9463324422154935
0.6659413822703915
0.15180832721410553
-0.689295116317914
0.4160448123154106
0.2506203586460962
-0.3899298079556488
-0.08635027162402187
0.03854103652674734
0.7461913681110153
-0.04908505620797121
-0.4627882752908481
-0.8575778705696744
0.2584454069252107
-0.1291727198368946
-0.6390050567587142
0.7512690126658228
0.6973594723090668
0.25254152208619884
-0.015930464967128133
-0.9419388957681294
-0.498394259867162
0.9175584479928665
0.5247217808439517
-0.40510735862199576
-0.30618335042939204
0.9532544438824113
0.7330109157141178
0.9526044886583167
0.3514127994638825
-0.10978634071962445
-0.633088892560433
-0.7558773055510959
0.5528537128717657
-0.10742052381346623
0.7278076597706178
-0.4817163406479743
0.20123751502479847
-0.41147208289875215
-0.7929605858231268
0.329538166990444
0.34633306170990896
0.7954374075655066
0.5174523848381285
0.4776261962734001
-0.43922255963221146
0.04062799551763474
0.5163352139837016
0.7984734941762308
0.20411134350721527
0.6174848822412415
-0.13670984913644646
-0.5244231501640328
-0.22309149259116556
-0.20080142600744266
-0.9433426939461349
0.3927435971964748
-0.7821250203994572
0.39976131843839124
-0.8310469005654748
0.02814556221042741
-0.01982300347666799
0.26721341868063475
0.35536386591441826
-0.8882386155759696
-0.6388052383024654
0.7585061663808095
0.3974520259133272
-0.033154875365639214
0.7008236722567276
-0.9018607865874777
0.5404753704740275
-0.20043233924338844
0.6832293797004794
0.04631818989238412
0.12203881133659356
