-0.013783
0.005468
0.005368
0.043320
0.039966
0.021356
-0.004067
-0.049150
-0.015441
-0.021804
-0.012013
-0.007354
-0.004664
-0.017916
-0.010602
-0.008753
0.014556
0.014775
0.010531
0.001814
-0.005204
-0.006158
0.005028
0.012170
0.002702
0.013869
-0.003852
-0.021021
0.007346
-0.010683
0.001098
-0.010037
0.006902
-0.007960
0.002128
-0.002563
0.009621
0.006950
0.004123
0.001417
0.005368
0.043320
0.039966
0.021356
-0.004067
-0.049150
-0.015441
-0.021804
-0.012013
-0.007354
-0.004664
-0.017916
-0.010602
-0.008753
0.014556
0.014775
0.010531
0.001814
-0.009715
0.028610
0.005028
0.012170
0.002702
0.013869
-0.003852
-0.021021
0.007346
-0.010683
0.001098
-0.010037
0.006902
-0.007960
0.002128
-0.002563
0.009621
0.006950
0.004123
0.001417
-0.003892
0.013388
0.039966
0.021356
-0.004067
-0.049150
-0.015441
-0.021804
-0.012013
-0.007354
-0.004664
-0.017916
-0.010602
-0.008753
0.014556
0.014775
0.010531
0.001814
-0.009715
0.028610
-0.017791
0.029580
0.002702
0.013869
-0.003852
-0.021021
0.007346
-0.010683
0.001098
-0.010037
0.006902
-0.007960
0.002128
-0.002563
0.009621
0.006950
0.004123
0.001417
-0.003892
0.013388
-0.021808
0.004337
-0.004067
-0.049150
-0.015441
-0.021804
-0.012013
-0.007354
-0.004664
-0.017916
-0.010602
-0.008753
0.014556
0.014775
0.010531
0.001814
-0.009715
0.028610
-0.017791
0.029580
-0.011795
0.003281
-0.003852
-0.021021
0.007346
-0.010683
0.001098
-0.010037
0.006902
-0.007960
0.002128
-0.002563
0.009621
0.006950
0.004123
0.001417
-0.003892
0.013388
-0.021808
0.004337
-0.005732
-0.002499
-0.015441
-0.021804
-0.012013
-0.007354
-0.004664
-0.017916
-0.010602
-0.008753
0.014556
0.014775
0.010531
0.001814
-0.009715
0.028610
-0.017791
0.029580
-0.011795
0.003281
0.002066
0.039427
0.007346
-0.010683
0.001098
-0.010037
0.006902
-0.007960
0.002128
-0.002563
0.009621
0.006950
0.004123
0.001417
-0.003892
0.013388
-0.021808
0.004337
-0.005732
-0.002499
-0.004267
0.018263
-0.012013
-0.007354
-0.004664
-0.017916
-0.010602
-0.008753
0.014556
0.014775
0.010531
0.001814
-0.009715
0.028610
-0.017791
0.029580
-0.011795
0.003281
0.002066
0.039427
-0.009201
0.025793
0.001098
-0.010037
0.006902
-0.007960
0.002128
-0.002563
0.009621
0.006950
0.004123
0.001417
-0.003892
0.013388
-0.021808
0.004337
-0.005732
-0.002499
-0.004267
0.018263
-0.007793
0.011469
-0.004664
-0.017916
-0.010602
-0.008753
0.014556
0.014775
0.010531
0.001814
-0.009715
0.028610
-0.017791
0.029580
-0.011795
0.003281
0.002066
0.039427
-0.009201
0.025793
-0.016076
0.030614
0.006902
-0.007960
0.002128
-0.002563
0.009621
0.006950
0.004123
0.001417
-0.003892
0.013388
-0.021808
0.004337
-0.005732
-0.002499
-0.004267
0.018263
-0.007793
0.011469
-0.011786
0.006052
-0.010602
-0.008753
0.014556
0.014775
0.010531
0.001814
-0.009715
0.028610
-0.017791
0.029580
-0.011795
0.003281
0.002066
0.039427
-0.009201
0.025793
-0.016076
0.030614
0.011136
-0.008732
0.002128
-0.002563
0.009621
0.006950
0.004123
0.001417
-0.003892
0.013388
-0.021808
0.004337
-0.005732
-0.002499
-0.004267
0.018263
-0.007793
0.011469
-0.011786
0.006052
-0.000822
-0.005703
0.014556
0.014775
0.010531
0.001814
-0.009715
0.028610
-0.017791
0.029580
-0.011795
0.003281
0.002066
0.039427
-0.009201
0.025793
-0.016076
0.030614
0.011136
-0.008732
-0.000271
-0.028449
0.009621
0.006950
0.004123
0.001417
-0.003892
0.013388
-0.021808
0.004337
-0.005732
-0.002499
-0.004267
0.018263
-0.007793
0.011469
-0.011786
0.006052
-0.000822
-0.005703
0.004663
-0.006900
0.010531
0.001814
-0.009715
0.028610
-0.017791
0.029580
-0.011795
0.003281
0.002066
0.039427
-0.009201
0.025793
-0.016076
0.030614
0.011136
-0.008732
-0.000271
-0.028449
0.002031
-0.016518
0.004123
0.001417
-0.003892
0.013388
-0.021808
0.004337
-0.005732
-0.002499
-0.004267
0.018263
-0.007793
0.011469
-0.011786
0.006052
-0.000822
-0.005703
0.004663
-0.006900
0.002808
-0.010789
-0.009715
0.028610
-0.017791
0.029580
-0.011795
0.003281
0.002066
0.039427
-0.009201
0.025793
-0.016076
0.030614
0.011136
-0.008732
-0.000271
-0.028449
0.002031
-0.016518
0.019031
0.002020
-0.003892
0.013388
-0.021808
0.004337
-0.005732
-0.002499
-0.004267
0.018263
-0.007793
0.011469
-0.011786
0.006052
-0.000822
-0.005703
0.004663
-0.006900
0.002808
-0.010789
0.011065
0.007484
-0.017791
0.029580
-0.011795
0.003281
0.002066
0.039427
-0.009201
0.025793
-0.016076
0.030614
0.011136
-0.008732
-0.000271
-0.028449
0.002031
-0.016518
0.019031
0.002020
0.002092
0.043003
-0.021808
0.004337
-0.005732
-0.002499
-0.004267
0.018263
-0.007793
0.011469
-0.011786
0.006052
-0.000822
-0.005703
0.004663
-0.006900
0.002808
-0.010789
0.011065
0.007484
-0.008050
0.016306
-0.011795
0.003281
0.002066
0.039427
-0.009201
0.025793
-0.016076
0.030614
0.011136
-0.008732
-0.000271
-0.028449
0.002031
-0.016518
0.019031
0.002020
0.002092
0.043003
0.007844
-0.002297
-0.005732
-0.002499
-0.004267
0.018263
-0.007793
0.011469
-0.011786
0.006052
-0.000822
-0.005703
0.004663
-0.006900
0.002808
-0.010789
0.011065
0.007484
-0.008050
0.016306
-0.004812
-0.008824
0.002066
0.039427
-0.009201
0.025793
-0.016076
0.030614
0.011136
-0.008732
-0.000271
-0.028449
0.002031
-0.016518
0.019031
0.002020
0.002092
0.043003
0.007844
-0.002297
0.002262
-0.039861
-0.004267
0.018263
-0.007793
0.011469
-0.011786
0.006052
-0.000822
-0.005703
0.004663
-0.006900
0.002808
-0.010789
0.011065
0.007484
-0.008050
0.016306
-0.004812
-0.008824
0.010377
-0.010879
-0.009201
0.025793
-0.016076
0.030614
0.011136
-0.008732
-0.000271
-0.028449
0.002031
-0.016518
0.019031
0.002020
0.002092
0.043003
0.007844
-0.002297
0.002262
-0.039861
0.013132
-0.013225
-0.007793
0.011469
-0.011786
0.006052
-0.000822
-0.005703
0.004663
-0.006900
0.002808
-0.010789
0.011065
0.007484
-0.008050
0.016306
-0.004812
-0.008824
0.010377
-0.010879
0.016275
-0.000628
-0.016076
0.030614
0.011136
-0.008732
-0.000271
-0.028449
0.002031
-0.016518
0.019031
0.002020
0.002092
0.043003
0.007844
-0.002297
0.002262
-0.039861
0.013132
-0.013225
0.030994
0.000263
-0.011786
0.006052
-0.000822
-0.005703
0.004663
-0.006900
0.002808
-0.010789
0.011065
0.007484
-0.008050
0.016306
-0.004812
-0.008824
0.010377
-0.010879
0.016275
-0.000628
0.012645
0.008108
0.011136
-0.008732
-0.000271
-0.028449
0.002031
-0.016518
0.019031
0.002020
0.002092
0.043003
0.007844
-0.002297
0.002262
-0.039861
0.013132
-0.013225
0.030994
0.000263
0.007303
-0.012125
-0.000822
-0.005703
0.004663
-0.006900
0.002808
-0.010789
0.011065
0.007484
-0.008050
0.016306
-0.004812
-0.008824
0.010377
-0.010879
0.016275
-0.000628
0.012645
0.008108
0.004045
0.001242
-0.000271
-0.028449
0.002031
-0.016518
0.019031
0.002020
0.002092
0.043003
0.007844
-0.002297
0.002262
-0.039861
0.013132
-0.013225
0.030994
0.000263
0.007303
-0.012125
-0.008290
0.005341
0.004663
-0.006900
0.002808
-0.010789
0.011065
0.007484
-0.008050
0.016306
-0.004812
-0.008824
0.010377
-0.010879
0.016275
-0.000628
0.012645
0.008108
0.004045
0.001242
-0.006787
0.002934
0.002031
-0.016518
0.019031
0.002020
0.002092
0.043003
0.007844
-0.002297
0.002262
-0.039861
0.013132
-0.013225
0.030994
0.000263
0.007303
-0.012125
-0.008290
0.005341
-0.012359
-0.006493
0.002808
-0.010789
0.011065
0.007484
-0.008050
0.016306
-0.004812
-0.008824
0.010377
-0.010879
0.016275
-0.000628
0.012645
0.008108
0.004045
0.001242
-0.006787
0.002934
-0.006680
-0.011882
0.019031
0.002020
0.002092
0.043003
0.007844
-0.002297
0.002262
-0.039861
0.013132
-0.013225
0.030994
0.000263
0.007303
-0.012125
-0.008290
0.005341
-0.012359
-0.006493
0.001096
-0.016237
0.011065
0.007484
-0.008050
0.016306
-0.004812
-0.008824
0.010377
-0.010879
0.016275
-0.000628
0.012645
0.008108
0.004045
0.001242
-0.006787
0.002934
-0.006680
-0.011882
0.011268
-0.010950
