-0.751653
-0.441633
0.171519
0.939191
0.122060
-0.962705
0.601265
-0.534051
0.614210
-0.224279
0.727084
0.494243
0.112480
-0.727090
-0.880165
-0.757313
-0.910896
-0.785012
-0.548581
0.425978
0.119434
-0.974888
-0.856051
0.934553
0.136201
-0.593414
-0.495349
0.487652
-0.609141
0.162718
0.940040
0.693658
-0.520304
-0.012461
0.239911
0.657962
-0.686417
-0.962848
-0.859956
-0.027310
0.212659
0.137703
-0.365275
0.977232
0.159490
-0.239718
0.101896
0.490669
0.338466
-0.470161
-0.867330
-0.259832
0.259435
-0.579652
0.505511
-0.866927
-0.479370
0.609509
-0.613131
0.278922
0.049341
0.849616
-0.473406
-0.868078
0.470132
0.544356
0.815632
0.863944
-0.972097
-0.531276
0.233557
0.898033
0.900352
0.113306
0.831213
0.283132
-0.219985
-0.028019
0.208621
0.099096
0.852363
0.837467
-0.210249
0.926525
-0.652089
-0.747341
-0.729842
0.011324
-0.956950
0.895940
0.654231
-0.969962
-0.647607
-0.335873
-0.738006
0.618981
-0.310527
0.880215
0.164028
0.757664
0.689469
0.810785
-0.080239
0.092694
0.597207
-0.428562
-0.019493
0.198221
-0.968933
0.186963
-0.132647
0.614721
-0.369510
0.785777
0.155714
-0.631980
0.575858
0.224062
-0.892181
-0.159613
0.358138
0.837204
-0.999196
0.953518
-0.246839
0.947567
0.209432
0.657692
0.149423
0.256152
-0.428847
0.173667
0.500044
0.716628
0.510164
0.396114
0.728959
-0.354638
0.341578
-0.098252
-0.235794
-0.178377
-0.197041
-0.365232
0.243839
-0.139505
0.947604
0.355602
-0.602860
-0.146598
-0.313308
0.595278
0.759997
0.807684
0.325440
-0.459583
-0.495267
0.709796
0.055429
0.604322
0.144977
0.466285
0.038023
0.541768
0.137716
-0.068580
-0.314622
-0.863581
-0.244152
-0.840748
0.965634
-0.636774
0.623717
0.749923
0.376827
0.138989
-0.678057
-0.066240
-0.309656
-0.549920
0.185024
-0.375460
0.832611
0.819271
-0.485763
-0.778217
-0.614075
-0.000832
0.457171
-0.583611
-0.503933
0.703344
-0.168303
0.233370
-0.532668
-0.796065
0.031714
-0.045718
-0.694657
0.243612
0.088020
0.308275
-0.710909
0.503056
-0.555902
0.038704
0.570592
-0.955339
-0.351275
0.745845
0.689419
0.076881
0.733217
0.899612
0.652814
0.708231
-0.802513
0.302609
0.407034
0.220482
0.599231
-0.930858
0.540477
0.463457
-0.480603
-0.485861
0.264607
-0.309405
0.593177
-0.107708
0.565499
0.980944
-0.399503
-0.713988
0.802617
0.083119
0.949481
0.273209
0.987826
0.092142
0.052852
-0.729144
-0.288590
-0.947563
-0.679210
0.491274
-0.939201
-0.266914
0.724693
0.385355
0.381884
-0.622726
-0.116191
0.163155
0.979503
-0.592188
-0.504534
-0.475654
0.500345
-0.086049
-0.886141
0.017032
-0.576080
0.597208
-0.405337
-0.944788
0.186865
0.687681
-0.237968
0.499717
0.022283
0.081904
0.918869
0.607922
-0.935354
0.418775
-0.069997
0.895098
-0.557135
-0.465856
-0.837052
-0.142762
-0.781962
0.267574
0.605926
0.393601
0.532423
-0.315092
0.691703
-0.142462
0.648020
0.252992
-0.713154
-0.843226
-0.963335
-0.866550
-0.082832
-0.773316
-0.944433
0.509723
-0.210299
0.493877
-0.095190
-0.099827
-0.043855
-0.051992
0.606327
-0.195215
0.809372
-0.925878
0.547749
-0.748717
0.237027
-0.979271
0.077255
-0.993964
0.902388
0.810804
0.591934
0.830549
