0.000000
0.029740
-0.067476
-0.026682
-0.047682
-0.055027
-0.042349
0.000000
0.000000
0.005240
0.000000
0.000000
-0.039894
0.000000
-0.063795
0.023010
-0.011162
0.007922
-0.048542
0.000000
0.000000
0.063207
-0.025185
0.025960
0.050806
0.053265
0.000000
-0.062220
-0.044567
0.051043
-0.054216
0.000000
0.061807
0.004477
0.000000
-0.024902
0.000000
0.045169
-0.065023
0.000000
0.065988
0.033498
0.000000
0.039048
-0.053558
-0.007033
0.000000
0.000000
-0.028647
-0.049940
0.000000
0.024140
-0.038925
-0.031647
-0.001137
0.000000
0.000000
0.000000
0.000000
0.000000
-0.053678
-0.011601
0.026241
-0.011584
