-25.699390
-17.366926
24.295803
-26.876896
38.763047
13.936990
16.843056
53.635053
20.305958
-10.563334
28.851998
30.856245
-40.896880
-6.690758
44.785787
63.729351
11.737866
-0.774748
-114.693701
47.420109
43.644249
7.013675
19.196235
1.607788
45.915185
2.365621
30.083998
-11.768382
-19.707688
-29.476817
16.387012
-64.867965
107.953377
30.386930
-19.894531
42.334735
-90.632076
50.426444
7.708783
38.428934
21.456485
30.304191
56.622070
103.018063
-117.783565
-67.426402
-5.867827
-24.907431
48.509382
-3.964837
-9.842411
-78.933776
53.251842
-110.463787
-368.522940
73.535327
159.554205
-162.344310
-245.620838
-289.289550
-393.207309
258.945955
-317.074641
-23.725464
145.908905
331.787230
39.584636
-234.108360
70.733385
283.731952
592.463534
-25.056336
-116.374516
-55.099560
361.847762
-34.083618
-314.401083
-92.196279
-121.282886
242.742417
-122.428745
-272.826753
178.878540
225.989826
-138.812555
229.111287
-17.324808
186.869775
371.595145
277.907449
-216.521668
209.991840
6.403289
412.758779
-51.826580
-185.379375
66.862202
-37.771568
-35.045622
-15.941244
-28.910496
-30.201002
-199.690241
13.563333
128.175404
-29.917544
-158.557947
-158.358716
-187.320054
83.271258
-231.629271
-0.673470
42.511120
112.952068
59.295179
-214.473635
-5.918601
136.016003
318.718629
-44.013477
-88.191748
31.319873
135.735106
-26.909364
-142.392008
55.586328
-37.136782
110.202295
-88.777039
-107.651690
101.148640
119.419366
-54.350339
57.751018
-85.430509
89.860045
241.418113
164.125924
-152.761293
19.713520
55.852988
257.340951
-64.844246
-81.989492
-60.094244
-89.859387
-23.909523
-20.380894
-24.241459
62.678069
-8.660271
7.723900
-10.234194
16.946635
40.008528
117.514494
101.648036
-88.480990
-47.422230
79.465802
58.517583
-97.431644
-49.316653
-31.240722
-19.151046
-135.457369
-12.719789
-129.270983
-75.416090
3.830751
-96.545997
35.539872
21.966110
69.868634
-165.054900
-14.174755
1.301305
-25.649042
66.667739
135.550740
-189.137540
-35.478452
4.596623
77.893273
97.238486
122.034450
15.095024
11.354837
-92.795151
-53.746705
-146.010715
0.794526
